id,nid,num,tj_dw,tj_dwnums,tj_dwnums_js,tj_dwnums_os,tjn_dw,tjn_dwnums,tjn_dwnums_js,tjn_dwnums_os
1,226,"[3, 6, 7]",3,8,4,4,1,3,1,2
2,227,"[2, 11, 12]",3,5,3,2,2,4,2,2
3,228,"[2, 6, 8]",4,10,5,5,2,6,3,3
4,229,"[2, 3, 6]",3,10,6,4,2,3,3,0
5,230,"[7, 15, 17]",5,14,8,6,1,4,2,2
6,231,"[7, 16, 17]",1,2,1,1,4,11,5,6
7,232,"[1, 2, 3]",3,11,7,4,2,2,0,2
8,233,"[8, 11, 16]",4,8,6,2,1,2,0,2
9,234,"[6, 8, 9]",4,10,6,4,1,3,1,2
10,235,"[3, 8, 12]",3,7,3,4,1,4,1,3
11,236,"[2, 5, 12]",3,9,4,5,3,4,3,1
12,237,"[1, 3, 6]",4,10,4,6,2,8,4,4
13,238,"[12, 14, 15]",3,8,5,3,3,7,4,3
14,239,"[2, 3, 10]",3,8,4,4,1,2,1,1
15,240,"[8, 9, 11]",3,5,4,1,1,4,3,1
16,241,"[3, 7, 12]",5,11,5,6,2,7,5,2
17,242,"[2, 8, 11]",2,4,3,1,3,6,4,2
18,243,"[1, 4, 7]",5,14,7,7,1,1,0,1
19,244,"[2, 3, 6]",4,10,6,4,1,4,1,3
20,245,"[2, 7, 8]",4,8,3,5,1,2,1,1
21,246,"[1, 4, 8]",5,16,9,7,1,1,1,0
22,247,"[1, 3, 5]",4,9,4,5,2,7,4,3
23,248,"[6, 10, 21]",1,3,2,1,3,7,5,2
24,249,"[1, 6, 7]",7,17,9,8,0,0,0,0
25,250,"[1, 2, 6]",4,9,2,7,1,4,3,1
26,251,"[1, 2, 4]",6,15,10,5,1,2,1,1
27,252,"[13, 18, 19]",6,17,8,9,1,2,0,2
28,253,"[3, 10, 20]",5,12,6,6,1,6,3,3
29,254,"[16, 18, 20]",3,7,6,1,2,8,3,5
30,255,"[5, 13, 15]",3,10,6,4,2,2,2,0
31,256,"[8, 13, 18]",3,8,4,4,2,6,4,2
32,257,"[1, 8, 13]",3,8,4,4,0,0,0,0
33,258,"[1, 5, 10]",4,12,5,7,1,1,0,1
34,259,"[4, 7, 9]",3,6,2,4,2,3,2,1
35,260,"[3, 8, 10]",4,5,3,2,2,8,5,3
36,261,"[3, 10, 15]",2,3,3,0,3,8,4,4
37,262,"[8, 10, 14]",3,6,2,4,1,2,1,1
38,263,"[4, 5, 11]",6,12,5,7,1,4,1,3
39,264,"[6, 10, 15]",2,7,1,6,3,6,3,3
40,265,"[2, 9, 11]",3,7,6,1,1,1,0,1
41,266,"[1, 5, 9]",6,15,10,5,0,0,0,0
42,267,"[8, 13, 20]",5,12,7,5,1,3,2,1
43,268,"[5, 12, 16]",4,10,5,5,2,5,3,2
44,269,"[1, 8, 10]",5,15,6,9,0,0,0,0
45,270,"[2, 8, 10]",5,14,8,6,1,2,1,1
46,271,"[1, 3, 7]",4,11,5,6,2,6,3,3
47,272,"[3, 6, 9]",4,8,1,7,2,7,3,4
48,273,"[8, 9, 11]",4,7,2,5,2,5,2,3
49,274,"[2, 3, 10]",4,7,5,2,1,5,3,2
50,275,"[7, 9, 13]",4,8,5,3,2,4,2,2
